                                       fitness                                            size                                        fitness_elite                                      size_elite              
                 ----------------------------------------------------    --------------------------------------    ----------------------------------------------------    --------------------------------------
gen    nevals    min           max           avg           std           min    max    avg           std           min           max           avg           std           min    max    avg           std       
0      40        0.66429       0.91346       0.84048       0.054975      1      8      4.1           2.3431        0.89127       0.91346       0.90065       0.0077199     1      5      2.6           1.3565    
1      36        0.65843       0.9135        0.85253       0.061914      1      8      3.525         2.2692        0.89877       0.9135        0.90877       0.0060525     1      2      1.2           0.4       
2      39        0.66885       0.93189       0.87045       0.061299      1      8      3.25          2.1535        0.9135        0.93189       0.92336       0.0075441     1      5      1.8           1.6       
3      28        0.74333       0.93189       0.89025       0.038888      1      8      3.175         2.3333        0.91642       0.93189       0.92461       0.0062073     1      5      1.8           1.6       
4      29        0.84919       0.93194       0.90888       0.01816       1      8      3.075         2.5435        0.91897       0.93194       0.92755       0.0053699     1      2      1.2           0.4       
5      30        0.7563        0.93194       0.9085        0.032149      1      8      2.55          2.3125        0.92346       0.93194       0.92889       0.0036135     1      1      1             0         
6      24        0.87373       0.93194       0.9175        0.011965      1      8      1.775         1.9169        0.93152       0.93194       0.93183       0.00015839    1      1      1             0         
7      24        0.85863       0.93194       0.91686       0.01593       1      8      1.425         1.4472        0.93152       0.93194       0.93183       0.00015839    1      1      1             0         
8      28        0.83919       0.93365       0.91771       0.016202      1      6      1.225         0.9871        0.93152       0.93365       0.93218       0.0007528     1      1      1             0         
9      30        0.86863       0.93365       0.91601       0.014582      1      6      1.425         1.2823        0.93152       0.93365       0.93218       0.0007528     1      1      1             0         
10     24        0.88841       0.93365       0.91948       0.011485      1      5      1.4           1.2           0.93152       0.93365       0.93218       0.0007528     1      1      1             0         
11     28        0.85821       0.93444       0.91643       0.015652      1      5      1.4           1.2           0.93152       0.93444       0.93269       0.0011452     1      1      1             0         
12     25        0.87919       0.93444       0.91771       0.012162      1      1      1             0             0.93152       0.93444       0.93269       0.0011452     1      1      1             0         
13     22        0.89544       0.93444       0.92018       0.010403      1      1      1             0             0.93152       0.93444       0.93276       0.0011025     1      1      1             0         
14     24        0.87039       0.93444       0.91847       0.013993      1      1      1             0             0.93152       0.93444       0.93276       0.0011025     1      1      1             0         
15     22        0.87039       0.93444       0.9187        0.013707      1      1      1             0             0.93189       0.93444       0.93283       0.001027      1      1      1             0         
16     26        0.87488       0.93444       0.91938       0.011536      1      1      1             0             0.93194       0.93444       0.93292       0.00096171    1      1      1             0         
17     28        0.88039       0.93444       0.91996       0.011015      1      1      1             0             0.93189       0.93444       0.93327       0.0011452     1      1      1             0         
18     28        0.89507       0.93444       0.92157       0.01166       1      1      1             0             0.93189       0.93444       0.93333       0.001076      1      1      1             0         
19     32        0.83885       0.93527       0.91981       0.016125      1      3      1.05          0.31225       0.93365       0.93527       0.93453       0.00053662    1      1      1             0         
20     28        0.91012       0.93527       0.92299       0.0090822     1      1      1             0             0.93365       0.93527       0.93461       0.00054792    1      1      1             0         
--- 457.6548418998718 sec ---
