                                       fitness                                            size                                        fitness_elite                                      size_elite              
                 ----------------------------------------------------    --------------------------------------    ----------------------------------------------------    --------------------------------------
gen    nevals    min           max           avg           std           min    max    avg           std           min           max           avg           std           min    max    avg           std       
0      40        0.33333       0.86439       0.75435       0.15226       1      7      4.325         2.0419        0.84961       0.86439       0.85646       0.0060114     1      5      2             1.5492    
1      39        0.33333       0.86439       0.74746       0.17479       1      8      4.625         2.1176        0.85095       0.86439       0.85768       0.0051452     1      4      2.4           1.0198    
2      35        0.67084       0.86439       0.8291        0.047532      1      8      3.925         2.218         0.86145       0.86439       0.86308       0.0011522     1      2      1.6           0.4899    
3      34        0.70097       0.86439       0.8408        0.038559      1      8      3.775         2.5049        0.85327       0.86439       0.86086       0.0039091     1      4      2             1.0954    
4      36        0.74987       0.86496       0.84472       0.022919      1      8      3.575         2.4175        0.86145       0.86496       0.8632        0.0012948     1      2      1.4           0.4899    
5      35        0.83239       0.86496       0.85517       0.0088943     1      8      3.35          2.1972        0.86145       0.86496       0.8632        0.0012948     1      2      1.4           0.4899    
6      27        0.74903       0.87193       0.855         0.019723      1      8      2.425         1.8693        0.86145       0.87193       0.86617       0.0043058     1      7      2.8           2.2271    
7      31        0.8356        0.87193       0.85877       0.0091347     1      8      2.325         1.8081        0.86243       0.87193       0.86711       0.003633      1      7      2.6           2.3324    
8      31        0.36319       0.87193       0.84571       0.078108      1      7      1.9           1.4629        0.86243       0.87193       0.86718       0.003619      1      7      2.6           2.3324    
9      25        0.84025       0.87193       0.86127       0.0072182     1      7      1.825         1.3764        0.86243       0.87193       0.86718       0.003619      1      7      2.6           2.3324    
10     21        0.65055       0.87193       0.8568        0.033835      1      7      2.1           1.7578        0.86243       0.87193       0.86718       0.003619      1      7      2.6           2.3324    
11     23        0.83797       0.87193       0.86402       0.0063379     1      7      2.5           2.1679        0.86439       0.87193       0.86882       0.0026349     1      7      5             2.5298    
12     31        0.74234       0.87193       0.86039       0.020948      1      7      4.05          2.7382        0.86439       0.87193       0.86904       0.0027349     1      7      5             2.5298    
13     30        0.79911       0.87193       0.86046       0.014014      1      7      4.125         2.6757        0.86698       0.87193       0.86894       0.0019722     1      7      4             2.5298    
14     23        0.84175       0.87193       0.86755       0.0053968     1      7      5.175         2.3652        0.86698       0.87193       0.86963       0.0019797     2      7      4.4           2.1541    
15     33        0.83834       0.8761        0.86699       0.0070781     1      7      5.65          2.0069        0.86698       0.8761        0.87134       0.0029174     2      7      4             1.7889    
16     28        0.45465       0.8761        0.85416       0.071122      2      8      5.8           1.7916        0.87066       0.8761        0.87271       0.0020176     3      7      4.6           1.4967    
17     28        0.3651        0.8761        0.85069       0.089429      2      8      5.825         1.6566        0.87066       0.8761        0.87244       0.0019392     3      7      5             1.7889    
--- 3649.7325568199158 sec ---
