0: Pipeline(
	0: LogisticRegression(C=3.6070000370393505, class_weight='balanced', max_iter=1000,
                   penalty='l2', random_state=6)
) -> Fitness: 0.9529012345679012

1: Pipeline(
	0: LogisticRegression(C=11.03777650347121, class_weight='balanced', max_iter=1000,
                   penalty='l2', random_state=6)
) -> Fitness: 0.9516666666666665

2: Pipeline(
	0: LogisticRegression(C=2.723609346904004, class_weight='balanced', max_iter=1000,
                   penalty='l2', random_state=6, solver='sag')
) -> Fitness: 0.9393055555555556

3: Pipeline(
	0: LogisticRegression(C=3.6070000370393505, max_iter=1000, penalty='l2',
                   random_state=6, solver='liblinear')
) -> Fitness: 0.9652777777777779

4: Pipeline(
	0: LogisticRegression(C=11.03777650347121, class_weight='balanced', max_iter=1000,
                   penalty='l2', random_state=6, solver='liblinear')
) -> Fitness: 0.9677623456790123

Ensemble fitness: 0.0
Weights: [0.9846438423880978, 0.983368149128542, 0.9705952703672402, 0.9974326673151442, 1.0]
Prediction: [0 1 1 1 0 1 1 0 1 0 1 1 0 1 1 0 1 1 1 1 1 1 0 1 1 1 0 1 0 0 1 1 1 0 0 1 1
 0 1 1 1 1 1 0 0 0 1 1 0 0 0 0 0 1 1 0 0 1 1 0 0 1 1 1 0 1 0 0 0 0 1 0 0 1
 0 1 1 1 0 1 1 1 1 1 1 1 1 0 1 0 0 1 1 1 1 1 1 1 0 1 0 0 1 0 0 0 0 0 1 1 0
 1 1 0 0 0 0 1 1 1 0 1 1 1 0 0 1 1 1 0 1 1 0 0 1 0 1 0 0 1 1 1 0 1 1 1 1 1
 1 1 0 0 1 0 1 0 0 0 1 1 0 1 1 0 1 0 0 1 1 1 1 0 1 1 1 1 1 0 1 0 0 1 1 0 0
 1 0 0 1 1 0 0 0 0 1 0 0 1 1 1 1 0 1 0 1 0 1 0 0 1 0 1 0 1 0 1 1 1 0 1 1 1
 1 1 0 1 0 0 1 1 0 1 0 0 0 1 0 1 0 1 1 0 0 0 0 1 1 1 0 1 0 0 1 1 1 0 1 1 1
 0 1 0 0 0 0 0 1 0 1 0 0 1 1 0 1 1 1 0 0 0 1 1 1 1 0 1 0 0 0 0 0 0 0 1 1 1
 0 1 0 1 1 1 1 0 0 1 0 0 0 0 1 0 0 0 0 0 0 1 1 0 0 0 1 1 1 1 0 0 1 1 0 1 1
 0 1 0 0 0 1 1 1 1 0 0 0 1 0 0 0 0 1 1 0 1 0 1 1 1 0 1 1 1 0 0 1 1 1 1 1 1
 1 0 1 1 0 0 0 1 1 0 0 0 0 1 0 0 0 0 0 0 1 1 0 0 0 0 0 0 1 0 0 1 0 1 1 0 1
 1 0 0 1 0 0 1 1 0 1 1 0 0 0 1 0 1 0 0 0 0 1 0 1 0 1 0 0 0 0 1 1 1 0 1 0 0
 0 1 1 1 1 0 0 1 1 0 1 0 0 0 0 0 1 1 1 0 1 1 1 0 1 0 0 1 1 1 0 0 1 1 1 0 0
 0 1 0 1 1 0 1 1 0 1 0 1 1 1 0 1 0 1 0 0 1 1 1 1 0 0 0 1 0 0 0 1 0 1 1 0 0
 0 1 0 1 0 0 1 0 1 1 0 0 0 0 1 1 1 0 1 0 1 1 0 0 1 1 1 1 1 0 1 0 1 0 0 1 0
 0 0 0 0 0 0 0 1 1 1 1 0 0 0 0 1 1 1 0 1 0 0 0 0 1 1 1 0 0 1 0 1 1 0 1 0 0
 0 1 1 0 1 1 0 1 1 1 0 0 0 0 0 0 0 0 0 0 1 1 0 1 0 1 1 0 0 0 0 1 1 0 1 1 1
 1 1 1 0 0 0 0 0 1 1 0 0 1 1 0 0 0 1 0 0 0 0 0 0 1 1 1 1 0 1 0 1 0 1 0 1 0
 0 0 0 1 0 1 0 0 0 0 0 1 0 0 1 1 1 1 0 0 0 1 1 0 1 1 1 0 0 0 0 0 0 1 0 0 0
 1 1 0 0 1 0 0 0 0 1 1 1 0 0 0 0 1 1 0 0 1 1 0 1 0 1 1 1 0 0 0 0 1 1 0 1 1
 0 1 0 1 1 1 1 1 1 1 1 1 0 0 1 0 0 0 0 0 1 1 0 0 0 1 1 1 0 0 1 0 1 0 1 1 1
 1 0 0 0 0 0 0 1 0 1 0 0 0 1 0 0 1 1 1 1 0 0 0 1 0 1 1 1 1 1 0]
