                                       fitness                                            size                                        fitness_elite                                      size_elite              
                 ----------------------------------------------------    --------------------------------------    ----------------------------------------------------    --------------------------------------
gen    nevals    min           max           avg           std           min    max    avg           std           min           max           avg           std           min    max    avg           std       
0      40        0.45907       0.9529        0.58869       0.13437       1      8      3.5           2.1213        0.77954       0.9529        0.83206       0.069611      1      3      1.4           0.8       
1      33        0.49003       0.9529        0.62813       0.1422        1      8      3.35          2.2864        0.77954       0.9529        0.83206       0.069611      1      3      1.4           0.8       
2      36        0.49753       0.9529        0.68458       0.1695        1      8      4.175         2.5386        0.85497       0.9529        0.91353       0.04266       1      3      1.6           0.8       
3      37        0.49753       0.9529        0.69226       0.17145       1      8      4.05          2.5293        0.85497       0.9529        0.92763       0.036793      1      2      1.2           0.4       
4      35        0.49753       0.9529        0.74285       0.17595       1      8      3.475         2.5786        0.93931       0.9529        0.9445        0.0063701     1      1      1             0         
5      32        0.5           0.96528       0.79241       0.13968       1      8      3.2           2.3152        0.93931       0.96528       0.94969       0.0097249     1      1      1             0         
6      30        0.49511       0.96528       0.79374       0.12898       1      8      3.05          2.2688        0.93931       0.96528       0.94969       0.0097249     1      1      1             0         
7      31        0.5           0.96776       0.81711       0.14107       1      8      2.5           2.1564        0.93931       0.96653       0.95514       0.010003      1      1      1             0         
8      35        0.50491       0.96653       0.86214       0.13593       1      7      2.225         1.9936        0.93931       0.96653       0.95514       0.010003      1      1      1             0         
9      23        0.52721       0.96653       0.89697       0.12703       1      7      2.375         2.3631        0.93931       0.96653       0.95514       0.010003      1      1      1             0         
10     32        0.50869       0.96653       0.86974       0.15291       1      7      2.275         2.3557        0.93931       0.96653       0.95514       0.010003      1      1      1             0         
11     39        0.54838       0.96776       0.85937       0.14181       1      7      2.8           2.7495        0.93931       0.96776       0.95538       0.010292      1      1      1             0         
12     38        0.53718       0.96776       0.90752       0.1133        1      7      2.55          2.588         0.93931       0.96776       0.95538       0.010292      1      1      1             0         
13     29        0.51986       0.96776       0.92819       0.10115       1      7      1.95          2.1442        0.93931       0.96776       0.95538       0.010292      1      1      1             0         
14     31        0.49617       0.96776       0.91859       0.12594       1      7      2.2           2.4           0.93931       0.96776       0.95538       0.010292      1      1      1             0         
15     29        0.49617       0.96776       0.94492       0.082537      1      7      2.325         2.4636        0.93931       0.96776       0.95538       0.010292      1      1      1             0         
16     31        0.51736       0.96776       0.93418       0.1095        1      7      2.025         2.1271        0.93931       0.96776       0.95538       0.010292      1      1      1             0         
--- 3648.314558982849 sec ---
