                                       fitness                                            size                                        fitness_elite                                      size_elite              
                 ----------------------------------------------------    --------------------------------------    ----------------------------------------------------    --------------------------------------
gen    nevals    min           max           avg           std           min    max    avg           std           min           max           avg           std           min    max    avg           std       
0      40        0.49377       0.97401       0.58117       0.12381       1      8      3.6           1.8682        0.56444       0.97401       0.71827       0.15484       1      4      2.4           1.0198    
1      35        0.5           0.98022       0.65941       0.17844       1      8      3.525         1.8301        0.81559       0.98022       0.9349        0.06107       1      4      3             1.0954    
2      33        0.5           0.99136       0.74879       0.20672       1      9      3.825         1.9607        0.94184       0.99136       0.97005       0.016859      3      4      3.4           0.4899    
3      34        0.5           0.99136       0.80478       0.20002       1      9      4.05          1.9098        0.94184       0.99136       0.97005       0.016859      3      4      3.4           0.4899    
4      30        0.53455       0.99136       0.84314       0.18651       1      9      3.825         1.6865        0.94184       0.99136       0.97005       0.016859      3      4      3.4           0.4899    
5      26        0.51335       0.99136       0.91288       0.14126       2      8      3.875         1.2286        0.94184       0.99136       0.97005       0.016859      3      4      3.4           0.4899    
6      26        0.5458        0.99136       0.92936       0.11264       3      8      4.05          1.5322        0.94184       0.99136       0.97005       0.016859      3      4      3.4           0.4899    
7      28        0.94184       0.99136       0.97489       0.01379       3      8      3.8           1.4           0.94184       0.99136       0.97005       0.016859      3      4      3.4           0.4899    
8      26        0.88744       0.99136       0.97523       0.018363      3      6      3.35          0.75993       0.94184       0.99136       0.97005       0.016859      3      4      3.4           0.4899    
9      30        0.60398       0.99258       0.97254       0.060017      3      4      3.1           0.3           0.94184       0.99258       0.9703        0.017171      3      4      3.4           0.4899    
10     32        0.94184       0.99259       0.98516       0.0091374     3      4      3.1           0.3           0.94184       0.99259       0.9703        0.017175      3      4      3.4           0.4899    
11     31        0.94184       0.9963        0.98603       0.0091239     3      4      3.05          0.21794       0.94184       0.9963        0.97104       0.018171      3      4      3.4           0.4899    
12     23        0.94184       0.9963        0.98627       0.010202      3      4      3.05          0.21794       0.94184       0.9963        0.97104       0.018171      3      4      3.4           0.4899    
13     30        0.94184       0.9963        0.98751       0.0095559     3      4      3.075         0.26339       0.94184       0.9963        0.97104       0.018171      3      4      3.4           0.4899    
14     24        0.94184       0.9963        0.98736       0.0096477     3      4      3.05          0.21794       0.94184       0.9963        0.97104       0.018171      3      4      3.4           0.4899    
15     22        0.62506       0.9963        0.97882       0.057492      3      4      3.05          0.21794       0.94184       0.9963        0.97104       0.018171      3      4      3.4           0.4899    
16     23        0.54819       0.99877       0.97578       0.069387      2      4      3.025         0.27272       0.94184       0.99877       0.97153       0.018871      3      4      3.4           0.4899    
17     15        0.94184       0.99877       0.99042       0.0099866     3      4      3.05          0.21794       0.94184       0.99877       0.97153       0.018871      3      4      3.4           0.4899    
18     19        0.59383       0.99877       0.97831       0.063436      3      4      3.1           0.3           0.94184       0.99877       0.97153       0.018871      3      4      3.4           0.4899    
19     21        0.94184       0.99877       0.99184       0.010325      3      4      3.05          0.21794       0.94184       0.99877       0.97153       0.018871      3      4      3.4           0.4899    
20     15        0.94184       0.99877       0.99174       0.012127      3      4      3.05          0.21794       0.94184       0.99877       0.97153       0.018871      3      4      3.4           0.4899    
--- 2225.3026020526886 sec ---
