                                       fitness                                            size                                        fitness_elite                                      size_elite              
                 ----------------------------------------------------    --------------------------------------    ----------------------------------------------------    --------------------------------------
gen    nevals    min           max           avg           std           min    max    avg           std           min           max           avg           std           min    max    avg           std       
0      40        0.1606        0.41023       0.29375       0.0801        1      8      4.1           2.3431        0.34968       0.41023       0.38481       0.021844      1      5      2.4           1.3565    
1      37        0.1606        0.41935       0.33059       0.073509      1      8      3.7           2.2271        0.38494       0.41935       0.40138       0.012667      1      5      3             1.6733    
2      38        0.1606        0.41935       0.32038       0.090138      1      8      3.575         2.4175        0.38494       0.41935       0.40165       0.0127        1      5      2.4           1.3565    
3      34        0.16593       0.41974       0.34428       0.073356      1      8      3.85          2.6034        0.38836       0.41974       0.40828       0.011618      1      4      2.2           0.9798    
4      33        0.16877       0.41974       0.35259       0.069025      1      8      2.975         2.2747        0.38998       0.41935       0.40305       0.01106       1      2      1.8           0.4       
5      27        0.26349       0.43093       0.38636       0.039666      1      8      3.375         2.5562        0.41023       0.43093       0.42097       0.0066514     2      5      3             1.2649    
6      32        0.21562       0.45071       0.38316       0.057716      1      8      2.775         2.1504        0.41023       0.45071       0.42757       0.014297      1      4      2.2           0.9798    
7      30        0.21667       0.46398       0.39457       0.053663      1      8      2.725         2.1907        0.42296       0.46398       0.4394        0.015453      2      4      2.4           0.8       
8      25        0.20252       0.46398       0.402         0.048313      1      8      2.15          1.5419        0.42296       0.46398       0.44402       0.015641      2      4      2.4           0.8       
9      28        0.27334       0.46398       0.4117        0.039646      1      8      2.425         1.3581        0.42296       0.46398       0.44456       0.015139      1      4      2.2           0.9798    
10     19        0.27139       0.46398       0.42734       0.033992      1      4      2             0.7746        0.42296       0.46398       0.44895       0.013763      2      4      2.4           0.8       
11     19        0.28274       0.47552       0.43532       0.030923      1      6      2.075         1.0814        0.45071       0.47552       0.45946       0.0092178     2      2      2             0         
12     20        0.24893       0.47552       0.42584       0.048036      1      5      1.975         0.96144       0.45031       0.47552       0.45888       0.0096723     2      2      2             0         
13     27        0.21282       0.48777       0.42177       0.055203      1      6      2.175         1.2823        0.45071       0.48777       0.46638       0.01377       2      2      2             0         
14     31        0.22245       0.48777       0.42534       0.064608      1      4      1.95          0.80467       0.45071       0.48777       0.46846       0.012449      2      2      2             0         
15     24        0.36447       0.48777       0.44285       0.028469      1      4      2.125         0.87142       0.45071       0.48777       0.47315       0.014288      2      2      2             0         
16     23        0.16667       0.494         0.43687       0.060249      1      6      2.125         0.97948       0.45071       0.494         0.4744        0.01571       2      2      2             0         
17     19        0.23334       0.49828       0.4381        0.068619      1      6      2.25          1.0186        0.45071       0.49828       0.48126       0.017092      2      2      2             0         
18     21        0.23334       0.50206       0.45383       0.057938      2      7      2.325         0.98457       0.47552       0.50206       0.49153       0.0093065     2      4      2.4           0.8       
19     23        0.32653       0.50284       0.47457       0.034453      2      7      2.4           1.044         0.47552       0.50206       0.49153       0.0093065     2      4      2.4           0.8       
20     22        0.29003       0.50284       0.46874       0.052824      2      7      2.35          0.96307       0.47552       0.50206       0.49153       0.0093065     2      4      2.4           0.8       
--- 940.7545621395111 sec ---
