0: Pipeline(
	0: LogisticRegression(C=0.32704755922556994, class_weight='balanced',
                   max_iter=1000, penalty='l2', random_state=5)
) -> Fitness: 0.9505401234567902

1: Pipeline(
	0: LogisticRegression(C=0.32704755922556994, class_weight='balanced',
                   max_iter=1000, penalty='l2', random_state=5, solver='sag')
) -> Fitness: 0.9369444444444444

2: Pipeline(
	0: LogisticRegression(C=2.1281510697510493, class_weight='balanced', max_iter=1000,
                   penalty='l2', random_state=5, solver='sag')
) -> Fitness: 0.9369444444444444

3: Pipeline(
	0: LogisticRegression(C=2.1281510697510493, max_iter=1000, penalty='l2',
                   random_state=5)
) -> Fitness: 0.9542438271604938

4: Pipeline(
	0: LogisticRegression(C=0.8264334769961275, max_iter=1000, penalty='l2',
                   random_state=5)
) -> Fitness: 0.9591975308641976

Ensemble fitness: 0.0
Weights: [0.9909743226719866, 0.9768003089001865, 0.9768003089001865, 0.9948355750048266, 1.0]
Prediction: [0 1 1 1 0 1 1 0 1 0 1 1 0 1 1 0 1 1 1 1 1 1 0 1 1 1 0 1 0 0 1 1 1 0 0 1 1
 0 1 1 1 1 1 0 0 0 1 1 0 0 0 0 0 1 1 0 0 1 1 0 0 1 1 1 0 1 0 0 0 0 1 0 0 1
 0 1 1 1 0 1 1 1 1 1 1 1 1 0 1 0 0 1 1 1 1 1 1 1 0 1 0 0 1 0 0 0 0 0 1 1 0
 1 1 0 0 0 0 1 1 1 0 1 1 1 0 0 1 1 1 0 1 1 0 0 1 0 1 0 0 1 1 1 0 1 1 1 1 1
 1 1 0 0 1 0 1 0 0 0 1 1 0 1 1 0 1 0 0 1 1 1 1 0 1 1 1 1 1 0 1 0 0 1 1 0 0
 1 0 0 1 1 0 0 0 0 1 0 0 1 1 1 1 0 1 0 1 0 1 0 0 1 0 1 0 1 0 1 1 1 0 1 1 1
 1 1 0 1 0 0 1 1 0 1 0 0 0 1 0 1 0 1 1 0 0 0 0 1 1 1 0 1 0 0 1 1 1 0 1 1 1
 0 1 0 0 0 0 0 1 0 1 0 0 1 1 0 1 1 1 0 0 0 1 1 1 1 0 1 0 0 0 0 0 0 0 1 1 1
 0 1 0 1 1 1 1 0 0 1 0 0 0 0 1 0 0 0 0 0 0 1 1 0 0 0 1 1 1 1 0 0 1 1 0 1 1
 0 1 0 0 0 1 1 1 1 0 0 0 1 0 0 0 0 1 1 0 1 0 1 1 1 0 1 1 1 0 0 1 1 1 1 1 1
 1 0 1 1 0 0 0 1 1 0 0 0 0 1 0 0 0 0 0 0 1 1 0 0 0 0 0 0 1 0 0 1 0 1 1 0 1
 1 0 0 1 0 0 1 1 0 1 1 0 0 0 1 0 1 0 0 0 0 1 0 1 0 1 0 0 0 0 1 1 1 0 1 0 0
 0 1 1 1 1 0 0 1 1 0 1 0 0 0 0 0 1 1 1 0 1 1 0 0 1 0 0 1 1 1 0 0 1 1 1 0 0
 0 1 0 1 1 0 1 1 0 1 0 1 1 1 0 1 0 1 0 0 1 1 1 1 0 0 0 1 0 0 0 1 0 1 1 0 0
 0 1 0 1 0 0 1 0 1 1 0 0 0 0 1 1 1 0 1 0 1 1 0 0 1 1 1 1 1 0 1 0 1 0 0 1 0
 0 0 0 0 0 0 0 1 1 1 1 0 0 0 0 1 1 1 0 1 0 0 0 0 1 1 1 0 0 1 0 1 1 0 1 0 0
 0 1 1 0 1 1 0 1 1 1 0 0 0 0 0 0 0 0 0 0 1 1 0 1 0 1 1 0 0 0 0 1 1 0 1 1 1
 1 1 1 0 0 0 0 0 1 1 0 0 1 1 0 0 0 1 0 0 0 0 0 0 1 1 1 1 0 1 0 1 0 1 0 1 0
 0 0 0 1 0 1 0 0 0 0 0 1 0 0 1 1 1 1 0 0 0 1 1 0 1 1 1 0 0 0 0 0 0 1 0 0 0
 1 1 0 0 1 0 0 0 0 1 1 1 0 0 0 0 1 1 0 0 1 1 0 1 0 1 1 1 0 0 0 0 1 1 0 1 1
 0 1 0 1 1 1 1 1 1 1 1 1 0 0 1 0 0 0 0 0 1 1 0 0 0 1 1 1 0 0 1 0 1 0 1 1 1
 1 0 0 0 0 0 0 1 0 1 0 0 0 1 0 0 1 1 1 1 0 0 0 1 0 1 1 1 1 1 0]
