                                       fitness                                            size                                        fitness_elite                                      size_elite              
                 ----------------------------------------------------    --------------------------------------    ----------------------------------------------------    --------------------------------------
gen    nevals    min           max           avg           std           min    max    avg           std           min           max           avg           std           min    max    avg           std       
0      40        0.5           0.93632       0.82426       0.10188       1      7      4.325         2.0419        0.88392       0.93632       0.91288       0.017089      1      4      2.2           1.1662    
1      40        0.5           0.93632       0.7931        0.12891       1      7      4.65          2.0561        0.90831       0.93632       0.91893       0.0093826     1      3      1.8           0.74833   
2      30        0.5           0.93632       0.81921       0.10503       1      7      3.975         2.2966        0.90831       0.93632       0.91893       0.0093826     1      3      1.8           0.74833   
3      34        0.58897       0.93632       0.8455        0.094215      1      7      3.725         2.2912        0.91419       0.93632       0.9239        0.0090093     1      3      2.2           0.74833   
4      33        0.64593       0.93632       0.86865       0.070726      1      7      2.95          1.7741        0.91752       0.93632       0.92777       0.0081229     1      3      2.4           0.8       
5      22        0.71029       0.93632       0.88156       0.060724      1      7      3.05          1.6576        0.92137       0.93632       0.93089       0.0051559     2      4      2.8           0.74833   
6      27        0.73412       0.93632       0.88467       0.050006      1      7      2.9           1.546         0.92137       0.93632       0.93089       0.0051559     2      4      2.8           0.74833   
7      24        0.83951       0.93632       0.91067       0.017489      1      4      2.45          0.99875       0.92434       0.93632       0.93149       0.0040863     2      4      2.8           0.74833   
8      15        0.89873       0.93632       0.91712       0.01019       1      4      2.85          0.88176       0.93007       0.93632       0.93274       0.002254      2      4      2.8           0.74833   
9      31        0.85167       0.9498        0.91301       0.019664      1      4      3.25          0.79844       0.93059       0.9498        0.93738       0.0069137     3      4      3.4           0.4899    
10     25        0.88081       0.9498        0.91757       0.015944      2      4      3.2           0.64031       0.93314       0.9498        0.93855       0.0061124     3      4      3.2           0.4       
11     24        0.87853       0.9498        0.92086       0.017553      2      6      3.4           0.7           0.93314       0.9498        0.93855       0.0061124     3      4      3.2           0.4       
12     29        0.83061       0.9498        0.91472       0.024307      3      7      3.475         0.7412        0.93314       0.9498        0.93989       0.0062383     3      4      3.4           0.4899    
13     17        0.89882       0.9498        0.92556       0.013251      3      4      3.425         0.49434       0.93314       0.9498        0.94189       0.0073881     3      4      3.6           0.4899    
14     26        0.71446       0.9498        0.92384       0.036511      3      5      3.5           0.54772       0.93314       0.9498        0.94255       0.0067268     3      4      3.6           0.4899    
15     23        0.88493       0.9498        0.93138       0.014313      3      6      3.5           0.67082       0.93314       0.9498        0.94522       0.0064417     3      4      3.8           0.4       
16     28        0.89397       0.9498        0.93096       0.014562      3      6      3.6           0.6245        0.93314       0.9498        0.94522       0.0064417     3      4      3.8           0.4       
17     27        0.88299       0.9498        0.92681       0.017983      3      6      3.55          0.63048       0.93314       0.9498        0.94522       0.0064417     3      4      3.8           0.4       
18     26        0.8752        0.9498        0.93108       0.018697      3      4      3.525         0.49937       0.93314       0.9498        0.94522       0.0064417     3      4      3.8           0.4       
19     19        0.58966       0.9498        0.92298       0.05862       1      5      3.55          0.66895       0.93314       0.9498        0.94522       0.0064417     3      4      3.8           0.4       
20     24        0.67279       0.9498        0.92674       0.043899      2      5      3.75          0.53619       0.93314       0.9498        0.94573       0.0064196     3      4      3.8           0.4       
--- 498.1963601112366 sec ---
