                                       fitness                                            size                                        fitness_elite                                      size_elite              
                 ----------------------------------------------------    --------------------------------------    ----------------------------------------------------    --------------------------------------
gen    nevals    min           max           avg           std           min    max    avg           std           min           max           avg           std           min    max    avg           std       
0      40        0.5           0.94224       0.76497       0.16724       1      8      3.6           1.8682        0.90024       0.94224       0.92755       0.014539      1      4      2.8           1.4697    
1      35        0.5           0.95104       0.8758        0.099576      1      7      3.6           1.8547        0.93464       0.95104       0.94121       0.0058158     1      4      2.6           1.2       
2      36        0.5           0.95104       0.879         0.12193       1      8      3.425         1.935         0.94214       0.95104       0.94576       0.0043173     1      4      2.6           1.2       
3      34        0.50041       0.95104       0.90333       0.086525      1      8      3.45          1.9358        0.94214       0.95104       0.9459        0.004213      1      4      2.2           0.9798    
4      31        0.5           0.95104       0.91945       0.075808      1      8      2.825         1.4644        0.94214       0.95104       0.9463        0.0040107     1      4      2.6           1.2       
5      29        0.5           0.95104       0.90995       0.10406       1      7      2.7           1.4353        0.94224       0.95104       0.94872       0.0034192     1      4      2             1.0954    
6      26        0.91755       0.95104       0.94076       0.0081578     1      4      2.35          1.1948        0.94224       0.95104       0.94872       0.0034192     1      4      2             1.0954    
7      23        0.92642       0.95104       0.94346       0.0048865     1      4      2.475         1.2039        0.94224       0.95104       0.94906       0.0034383     1      4      2.4           1.3565    
8      19        0.93856       0.95104       0.94587       0.0029753     1      4      2.225         1.2142        0.94824       0.95104       0.95026       0.0010997     1      4      2             1.0954    
9      25        0.93241       0.95104       0.94573       0.0040584     1      4      2.1           1.2207        0.94973       0.95104       0.95072       0.000511      1      2      1.4           0.4899    
10     26        0.9418        0.95104       0.94718       0.0030433     1      4      1.775         1.0121        0.9492        0.95104       0.95035       0.00075058    1      2      1.4           0.4899    
11     17        0.93928       0.95104       0.94826       0.0033816     1      4      1.575         0.94571       0.94973       0.95104       0.95066       0.00048609    1      2      1.4           0.4899    
12     13        0.93988       0.95104       0.94972       0.0025321     1      4      1.275         0.59108       0.9492        0.95104       0.95035       0.00075058    1      2      1.4           0.4899    
13     6         0.94707       0.95104       0.95058       0.0010119     1      2      1.225         0.41758       0.94973       0.95104       0.95072       0.000511      1      2      1.4           0.4899    
14     7         0.9436        0.95104       0.95052       0.0016213     1      2      1.2           0.4           0.94973       0.95104       0.95072       0.000511      1      2      1.4           0.4899    
15     5         0.94802       0.95104       0.95093       0.00051025    1      2      1.325         0.46837       0.94973       0.95104       0.95072       0.000511      1      2      1.4           0.4899    
16     5         0.93801       0.95104       0.95029       0.0026936     1      2      1.45          0.49749       0.94973       0.95104       0.95072       0.000511      1      2      1.4           0.4899    
17     12        0.94171       0.95104       0.94962       0.0028394     1      2      1.525         0.49937       0.94966       0.95104       0.95065       0.00051046    1      2      1.6           0.4899    
18     5         0.94608       0.95104       0.95083       0.00082791    1      2      1.625         0.48412       0.94946       0.95104       0.95039       0.00068982    1      2      1.6           0.4899    
19     5         0.94662       0.95104       0.95085       0.0007519     1      3      1.55          0.54544       0.94966       0.95104       0.95071       0.00053569    1      2      1.4           0.4899    
20     11        0.90677       0.95104       0.94892       0.0072735     1      3      1.55          0.54544       0.94966       0.95104       0.95059       0.00051191    1      2      1.4           0.4899    
--- 1302.0733366012573 sec ---
