                                       fitness                                            size                                        fitness_elite                                      size_elite              
                 ----------------------------------------------------    --------------------------------------    ----------------------------------------------------    --------------------------------------
gen    nevals    min           max           avg           std           min    max    avg           std           min           max           avg           std           min    max    avg           std       
0      40        0.58964       0.93959       0.81697       0.095926      1      8      3.5           2.1213        0.89641       0.93959       0.91694       0.015749      1      3      2.2           0.74833   
1      32        0.57666       0.93959       0.84866       0.078085      1      8      3.25          2.188         0.91266       0.93959       0.92439       0.0086589     1      4      2.6           1.0198    
2      32        0.5           0.947         0.86686       0.085626      1      8      3.45          2.1903        0.92225       0.947         0.93448       0.0099987     2      3      2.8           0.4       
3      36        0.78581       0.947         0.89158       0.046076      1      8      3.5           2.0372        0.93647       0.947         0.94083       0.0034283     2      3      2.8           0.4       
4      32        0.79117       0.947         0.91252       0.034043      1      8      3.15          1.6363        0.93959       0.947         0.94367       0.0030516     1      3      2.4           0.8       
5      30        0.5           0.947         0.87314       0.1162        1      8      3.075         1.5554        0.93959       0.947         0.94367       0.0030516     1      3      2.4           0.8       
6      31        0.88018       0.947         0.93434       0.015102      1      8      2.975         1.4914        0.93959       0.947         0.94393       0.0031824     2      3      2.6           0.4899    
7      26        0.88624       0.95085       0.93946       0.012612      1      8      3.025         1.6506        0.94054       0.95085       0.94708       0.0037211     2      3      2.6           0.4899    
8      25        0.86485       0.95085       0.93999       0.015085      1      7      3.05          1.4483        0.94054       0.95085       0.94722       0.0037088     2      3      2.4           0.4899    
9      27        0.77463       0.95085       0.93636       0.031225      1      7      3.075         1.2527        0.94054       0.95085       0.94773       0.0038403     2      3      2.6           0.4899    
10     22        0.57168       0.95085       0.92013       0.073121      2      7      3.025         1.0365        0.947         0.95085       0.9493        0.0014293     2      3      2.6           0.4899    
11     31        0.88624       0.95085       0.94113       0.013369      2      7      2.925         0.9324        0.947         0.95085       0.94908       0.0016222     2      3      2.6           0.4899    
12     25        0.89629       0.95085       0.94336       0.0087701     2      7      2.95          1.2639        0.947         0.95085       0.9493        0.0014293     2      3      2.6           0.4899    
13     29        0.5           0.95085       0.93252       0.069647      2      3      2.525         0.49937       0.947         0.95085       0.94933       0.0014152     2      3      2.4           0.4899    
14     23        0.9106        0.95085       0.94365       0.007926      2      5      2.55          0.63048       0.947         0.95085       0.9493        0.0014293     2      3      2.6           0.4899    
15     29        0.93114       0.95085       0.94453       0.0039113     2      3      2.625         0.48412       0.947         0.95085       0.94933       0.0014152     2      3      2.6           0.4899    
16     16        0.93015       0.95085       0.94544       0.0037984     2      3      2.55          0.49749       0.947         0.95085       0.94942       0.0013731     2      3      2.4           0.4899    
17     18        0.94184       0.95085       0.9468        0.002361      2      3      2.6           0.4899        0.947         0.95085       0.94942       0.0013731     2      3      2.4           0.4899    
18     23        0.9255        0.95085       0.94571       0.0054269     2      3      2.525         0.49937       0.947         0.95085       0.94942       0.0013731     2      3      2.4           0.4899    
19     19        0.94327       0.95085       0.94748       0.0020765     2      3      2.4           0.4899        0.947         0.95085       0.9497        0.0014022     2      3      2.4           0.4899    
20     21        0.93265       0.95085       0.94711       0.0034057     1      4      2.3           0.55678       0.947         0.95085       0.9496        0.0014146     2      3      2.2           0.4       
--- 2514.8914947509766 sec ---
