                                       fitness                                            size                                        fitness_elite                                      size_elite              
                 ----------------------------------------------------    --------------------------------------    ----------------------------------------------------    --------------------------------------
gen    nevals    min           max           avg           std           min    max    avg           std           min           max           avg           std           min    max    avg           std       
0      40        0.1           0.91982       0.77465       0.20296       1      8      4.35          2.1628        0.88009       0.91982       0.8997        0.012954      1      3      1.8           0.9798    
1      34        0.1           0.91982       0.73101       0.24137       1      8      4.225         2.1034        0.89205       0.91982       0.90209       0.0098421     1      3      2.2           0.9798    
2      36        0.1           0.91982       0.77357       0.20153       1      8      3.375         2.0456        0.89602       0.91982       0.90512       0.0079547     1      3      2.2           0.9798    
3      38        0.64503       0.91982       0.84763       0.071706      1      8      3.6           2.3958        0.89735       0.91982       0.90641       0.0079079     1      3      2.2           0.9798    
4      33        0.58127       0.92976       0.84426       0.090623      1      8      3.4           2.1886        0.90522       0.92976       0.91862       0.0096041     1      4      2.4           1.2       
5      39        0.1           0.92976       0.83856       0.18471       1      8      2.7           2.0025        0.91032       0.92976       0.9235        0.0075337     1      4      3             1.0954    
6      29        0.61954       0.92976       0.88975       0.056553      1      8      3.075         2.0048        0.91032       0.92976       0.9235        0.0075337     1      4      3             1.0954    
7      29        0.6184        0.93428       0.88776       0.077938      1      8      3.025         2.0675        0.91982       0.93428       0.92829       0.0047246     1      4      3.2           1.1662    
8      27        0.61954       0.93428       0.90108       0.059966      1      8      2.75          2.0218        0.91982       0.93428       0.92829       0.0047246     1      4      3.2           1.1662    
9      29        0.74337       0.93428       0.89895       0.043424      1      7      2.575         1.8288        0.92782       0.93428       0.92989       0.0023376     1      4      2.8           1.4697    
10     34        0.83966       0.93428       0.90882       0.025801      1      8      2.825         1.9479        0.92796       0.93428       0.93114       0.0025587     1      4      3.4           1.2       
11     27        0.69636       0.93428       0.90098       0.051986      1      8      2.825         1.8424        0.92782       0.93428       0.92989       0.0023376     1      4      2.8           1.4697    
12     32        0.83966       0.93428       0.91192       0.027123      1      8      3.175         2.2236        0.92796       0.93428       0.93083       0.0022639     1      4      2.8           1.4697    
13     33        0.84112       0.93428       0.9122        0.029288      1      8      3.4           2.0224        0.92782       0.93428       0.92989       0.0023376     1      4      2.8           1.4697    
--- 3655.69917178154 sec ---
