                                       fitness                                            size                                        fitness_elite                                      size_elite              
                 ----------------------------------------------------    --------------------------------------    ----------------------------------------------------    --------------------------------------
gen    nevals    min           max           avg           std           min    max    avg           std           min           max           avg           std           min    max    avg           std       
0      40        0.16667       0.64537       0.46262       0.11773       1      8      3.725         1.884         0.54278       0.64537       0.59311       0.033011      1      3      2             0.63246   
1      34        0.33759       0.64537       0.4889        0.081126      1      8      3.325         1.5714        0.56981       0.64537       0.59548       0.026612      2      5      2.8           1.1662    
2      33        0.34481       0.66463       0.49864       0.083289      2      8      3.7           1.9647        0.56981       0.66463       0.61456       0.034996      2      5      2.8           1.1662    
3      35        0.20333       0.66463       0.49818       0.097229      2      8      3.9           2.0469        0.56981       0.66463       0.61626       0.034155      2      5      2.6           1.2       
4      31        0.2           0.66463       0.51194       0.10695       2      8      3.725         1.8972        0.59407       0.66463       0.62322       0.027093      2      3      2.2           0.4       
5      31        0.16667       0.66463       0.53185       0.11388       2      8      3.525         1.7746        0.59407       0.66463       0.63041       0.02725       2      3      2.2           0.4       
6      36        0.3363        0.66463       0.54022       0.093511      2      8      3.625         1.826         0.60259       0.66463       0.641         0.020534      2      2      2             0         
7      35        0.34463       0.66463       0.56678       0.092773      2      8      4.1           2.01          0.64537       0.66463       0.64989       0.007408      2      2      2             0         
8      35        0.33056       0.6863        0.56398       0.091749      2      7      3.675         1.9025        0.64537       0.6863        0.65774       0.016022      2      2      2             0         
9      34        0.40648       0.6863        0.59575       0.072094      2      7      3.05          1.7313        0.64537       0.6863        0.66585       0.017866      2      2      2             0         
10     32        0.41981       0.705         0.61347       0.06911       2      7      2.525         1.3414        0.64704       0.705         0.67778       0.019989      2      2      2             0         
11     28        0.47444       0.705         0.63478       0.050966      2      7      2.475         1.2245        0.66463       0.705         0.68352       0.016526      2      4      2.4           0.8       
12     22        0.56019       0.705         0.65537       0.03284       2      7      2.325         1.058         0.66463       0.705         0.68352       0.016526      2      4      2.4           0.8       
13     28        0.40519       0.71037       0.65743       0.061145      2      4      2.175         0.54256       0.66463       0.705         0.69126       0.014844      2      2      2             0         
14     25        0.60815       0.705         0.68183       0.022587      2      4      2.1           0.43589       0.66463       0.705         0.69259       0.015584      2      2      2             0         
15     25        0.4913        0.71037       0.67739       0.039379      2      4      2.075         0.34551       0.6863        0.71          0.70207       0.0081896     2      4      2.4           0.8       
16     28        0.56852       0.71037       0.68031       0.033025      2      4      2.05          0.31225       0.70333       0.71037       0.70696       0.0027582     2      4      2.4           0.8       
17     22        0.66333       0.73333       0.69466       0.01307       2      4      2.15          0.52678       0.70315       0.73333       0.71285       0.010694      2      4      2.8           0.9798    
18     26        0.55074       0.73333       0.68185       0.04091       2      4      2.3           0.71414       0.70315       0.73333       0.71144       0.011369      2      4      2.8           0.9798    
19     26        0.65481       0.73333       0.69862       0.017744      2      4      2.15          0.52678       0.69074       0.73333       0.7143        0.016664      2      4      2.4           0.8       
20     22        0.65463       0.73333       0.70606       0.017235      2      4      2.1           0.43589       0.70574       0.73333       0.72415       0.011624      2      4      2.8           0.9798    
--- 418.8397800922394 sec ---
