                                       fitness                                            size                                        fitness_elite                                      size_elite              
                 ----------------------------------------------------    --------------------------------------    ----------------------------------------------------    --------------------------------------
gen    nevals    min           max           avg           std           min    max    avg           std           min           max           avg           std           min    max    avg           std       
0      40        0.16667       0.65074       0.4287        0.15639       1      7      4.325         2.0419        0.57778       0.65074       0.62007       0.028972      1      4      2.2           1.1662    
1      40        0.16667       0.65074       0.46316       0.14172       1      7      4.825         2.0358        0.59685       0.65074       0.62389       0.023976      1      4      2.2           1.1662    
2      34        0.16667       0.65074       0.48971       0.11806       1      7      4.525         2.0123        0.59685       0.65074       0.62389       0.023976      1      4      2.2           1.1662    
3      34        0.30667       0.66685       0.55644       0.097735      1      7      4.775         2.0431        0.63704       0.66685       0.64963       0.010017      1      7      2.4           2.3324    
4      31        0.36241       0.66685       0.58515       0.097285      1      8      4.4           2.3324        0.64296       0.66685       0.65248       0.0078135     1      7      2.4           2.3324    
5      34        0.45333       0.66685       0.60379       0.057643      1      8      4.325         2.2736        0.64296       0.66685       0.65248       0.0078135     1      7      2.4           2.3324    
6      37        0.48389       0.70259       0.61939       0.051078      1      8      4.475         2.1907        0.64296       0.70259       0.66274       0.021395      1      7      2.4           2.3324    
7      33        0.48389       0.70259       0.60118       0.067281      1      7      4.425         2.1318        0.63704       0.70259       0.66          0.023528      1      7      2.4           2.3324    
8      33        0.42833       0.70259       0.59052       0.075869      1      7      4.325         2.0903        0.64296       0.70259       0.66267       0.021437      1      7      3.6           2.8       
9      36        0.16667       0.70259       0.58043       0.11631       1      7      4             2.1448        0.63704       0.70259       0.66          0.023528      1      7      2.4           2.3324    
10     35        0.42833       0.70259       0.61399       0.070801      1      7      3.5           2.0248        0.64296       0.70259       0.67133       0.023385      1      7      2.4           2.3324    
11     28        0.44704       0.70556       0.61474       0.070286      1      7      2.875         1.9389        0.64296       0.70556       0.68233       0.023953      1      7      2.4           2.3324    
12     34        0.4513        0.70556       0.60694       0.072288      1      7      3.325         1.9543        0.65074       0.70556       0.68389       0.021469      1      2      1.2           0.4       
13     35        0.48519       0.70556       0.61531       0.063859      1      7      3.65          2.1278        0.64296       0.70556       0.68233       0.023953      1      7      2.4           2.3324    
14     33        0.26926       0.70556       0.58976       0.099685      1      7      3.8           2.2935        0.64296       0.70556       0.68233       0.023953      1      7      2.4           2.3324    
15     33        0.36259       0.70556       0.6158        0.076076      1      7      3.35          2.2973        0.66685       0.70556       0.6947        0.014553      1      2      1.2           0.4       
16     27        0.52537       0.70556       0.63284       0.049526      1      7      3.275         2.3237        0.64296       0.70556       0.68233       0.023953      1      7      2.4           2.3324    
17     30        0.3913        0.70556       0.62859       0.07016       1      7      3.225         2.2303        0.66685       0.70556       0.6947        0.014553      1      2      1.2           0.4       
18     30        0.50111       0.70556       0.64988       0.051743      1      7      2.775         1.981         0.66685       0.70556       0.68863       0.01538       1      2      1.2           0.4       
19     28        0.57426       0.72074       0.66525       0.036566      1      7      2.25          1.8131        0.6937        0.72074       0.70744       0.0094269     1      2      1.2           0.4       
20     20        0.56926       0.7213        0.67178       0.039488      1      6      1.525         0.86566       0.6937        0.7213        0.70878       0.01073       1      1      1             0         
--- 299.6705148220062 sec ---
