                                       fitness                                            size                                        fitness_elite                                      size_elite              
                 ----------------------------------------------------    --------------------------------------    ----------------------------------------------------    --------------------------------------
gen    nevals    min           max           avg           std           min    max    avg           std           min           max           avg           std           min    max    avg           std       
0      40        0.5           0.96767       0.92332       0.088242      1      7      3.8           1.7493        0.96025       0.96767       0.96313       0.0027501     1      4      2.4           1.0198    
1      30        0.5           0.96767       0.93367       0.087564      1      7      3.5           1.6583        0.96127       0.96767       0.96494       0.0021243     1      3      2.4           0.8       
2      36        0.8989        0.96767       0.95165       0.014414      1      7      3.15          1.5419        0.9647        0.96767       0.96622       0.0012954     2      3      2.6           0.4899    
3      34        0.87056       0.96767       0.95468       0.018069      1      7      3.2           1.4866        0.9647        0.96767       0.96708       0.0011885     1      3      2             0.63246   
4      29        0.6303        0.96767       0.9514        0.054005      1      6      2.425         1.2224        0.96486       0.96767       0.96711       0.001127      2      3      2.2           0.4       
5      27        0.5           0.96931       0.9484        0.075292      1      4      2.075         0.87714       0.96767       0.96931       0.968         0.00065574    2      2      2             0         
6      22        0.93129       0.9708        0.96503       0.0078904     1      4      2.025         0.79017       0.96767       0.9708        0.96897       0.0011204     1      2      1.8           0.4       
7      25        0.85844       0.97244       0.96422       0.017503      1      4      1.95          0.54544       0.96767       0.97244       0.9705        0.0015499     1      2      1.8           0.4       
8      29        0.5           0.97244       0.95304       0.075574      1      5      1.975         0.56954       0.9708        0.97244       0.97145       0.00080311    1      2      1.8           0.4       
9      25        0.92074       0.97244       0.96726       0.0087031     1      2      1.9           0.3           0.9708        0.97244       0.97178       0.00080311    1      2      1.8           0.4       
10     21        0.96127       0.97244       0.96944       0.0025808     1      2      1.925         0.26339       0.9708        0.97244       0.97211       0.00065574    1      2      1.8           0.4       
11     32        0.96291       0.97244       0.96931       0.002324      1      2      1.975         0.15612       0.97244       0.97244       0.97244       0             2      2      2             0         
12     27        0.86986       0.97244       0.96662       0.015811      1      2      1.95          0.21794       0.97244       0.97244       0.97244       0             2      2      2             0         
13     20        0.95824       0.97244       0.96986       0.0032691     1      5      2.05          0.54544       0.97244       0.97244       0.97244       0             2      2      2             0         
14     22        0.9644        0.97244       0.97052       0.0023374     1      2      1.95          0.21794       0.97244       0.97244       0.97244       0             2      2      2             0         
15     22        0.848         0.97244       0.96683       0.019611      1      3      1.85          0.42131       0.97244       0.97244       0.97244       0             2      2      2             0         
16     23        0.95159       0.97244       0.97017       0.0047139     1      6      2.025         0.9871        0.97244       0.97244       0.97244       0             2      2      2             0         
17     17        0.95533       0.97408       0.97108       0.0039162     1      5      2             0.54772       0.97244       0.97408       0.97277       0.00065574    2      2      2             0         
18     23        0.5           0.97408       0.9582        0.075468      1      5      2.175         0.89128       0.97228       0.97408       0.97306       0.00083011    2      2      2             0         
19     19        0.94936       0.97408       0.97042       0.0053526     1      4      1.9           0.4899        0.97228       0.97408       0.97339       0.00084216    2      2      2             0         
20     16        0.96455       0.97408       0.9717        0.0025215     1      4      2.025         0.52381       0.97228       0.97408       0.97372       0.00071721    2      2      2             0         
--- 477.45929527282715 sec ---
