0: Pipeline(
	0: LogisticRegression(C=0.06981703426173451, class_weight='balanced',
                   max_iter=1000, penalty='l2', random_state=0)
) -> Fitness: 0.9579320987654321

1: Pipeline(
	0: LogisticRegression(C=4.993180785745237, class_weight='balanced', max_iter=1000,
                   penalty='l2', random_state=0, solver='sag')
) -> Fitness: 0.9418827160493827

2: Pipeline(
	0: LogisticRegression(C=4.993180785745237, class_weight='balanced', max_iter=1000,
                   penalty='l2', random_state=0, solver='liblinear')
) -> Fitness: 0.9666203703703703

3: Pipeline(
	0: LogisticRegression(C=2.4703757020612467, class_weight='balanced', max_iter=1000,
                   penalty='l2', random_state=0, solver='liblinear')
) -> Fitness: 0.9666203703703703

4: Pipeline(
	0: LogisticRegression(C=2.9574088113450494, class_weight='balanced', max_iter=1000,
                   penalty='l2', random_state=0, solver='liblinear')
) -> Fitness: 0.967854938271605

Ensemble fitness: 0.0
Weights: [0.9897475963454884, 0.973165170527927, 0.9987244287832644, 0.9987244287832644, 1.0]
Prediction: [0 1 1 1 0 1 1 0 1 0 1 1 0 1 1 0 1 1 1 1 1 1 0 1 1 1 0 1 0 0 1 1 1 0 0 1 1
 0 1 1 1 1 1 0 0 0 1 1 0 0 0 0 0 1 1 0 0 1 1 0 0 1 1 1 0 1 0 0 0 0 1 0 0 1
 0 1 1 1 0 1 1 1 1 1 1 1 1 0 1 0 0 1 1 1 1 1 1 1 0 1 0 0 1 0 0 0 0 0 1 1 0
 1 1 0 0 0 0 1 1 1 0 1 1 1 0 0 1 1 1 0 1 1 0 0 1 0 1 0 0 1 1 1 0 1 1 1 1 1
 1 1 0 0 1 0 1 0 0 0 1 1 0 1 1 0 1 0 0 1 1 1 1 0 1 1 1 1 1 0 1 0 0 1 1 0 0
 1 0 0 1 1 0 0 0 0 1 0 0 1 1 1 1 0 1 0 1 0 1 0 0 1 0 1 0 1 0 1 1 1 0 1 1 1
 1 1 0 1 0 0 1 1 0 1 0 0 0 1 0 1 0 1 1 0 0 0 0 1 1 1 0 1 0 0 1 1 1 0 1 1 1
 0 1 0 0 0 0 0 1 0 1 0 0 1 1 0 1 1 1 0 0 0 1 1 1 1 0 1 0 0 0 0 0 0 0 1 1 1
 0 1 0 1 1 1 1 0 0 1 0 0 0 0 1 0 0 0 0 0 0 1 1 0 0 0 1 1 1 1 0 0 1 1 0 1 1
 0 1 0 0 0 1 1 1 1 0 0 0 1 0 0 0 0 1 1 0 1 0 1 1 1 0 1 1 1 0 0 1 1 1 1 1 1
 1 0 1 1 0 0 0 0 1 0 0 0 0 1 0 0 0 0 0 0 1 1 0 0 0 0 0 0 1 0 0 1 0 1 1 0 1
 1 0 0 1 0 0 1 1 0 1 1 0 0 0 1 0 1 0 0 0 0 1 0 1 0 1 0 0 0 0 1 1 1 0 1 0 0
 0 1 1 1 1 0 0 1 1 0 1 0 0 0 0 0 1 1 1 0 1 1 1 0 1 0 0 1 1 1 0 0 1 1 0 0 0
 0 1 0 1 1 0 1 1 0 1 0 1 1 1 0 1 0 1 0 0 1 1 1 1 0 0 0 1 0 0 0 1 0 1 1 0 0
 0 1 0 1 0 0 1 0 1 1 0 0 0 0 1 1 1 0 1 0 1 1 0 0 1 1 1 1 1 0 1 0 1 0 0 1 0
 0 0 0 0 0 0 0 1 1 1 1 0 0 0 0 1 1 1 0 1 0 0 0 0 1 1 1 0 0 1 0 1 1 0 1 0 0
 0 1 1 0 1 1 0 1 1 1 0 0 0 0 0 0 0 0 0 0 1 1 0 1 0 1 1 0 0 0 0 1 1 0 1 1 1
 1 1 1 0 0 0 0 0 1 1 0 0 1 1 0 0 0 1 0 0 0 0 0 0 1 1 1 1 0 1 0 1 0 1 0 1 0
 0 0 0 1 0 1 0 0 0 0 0 1 0 0 1 1 1 1 0 0 0 1 1 0 1 1 1 0 0 0 0 0 0 1 0 0 0
 1 1 0 0 1 0 0 0 0 1 1 1 0 0 0 0 1 1 0 0 1 1 0 1 0 1 1 1 0 0 0 0 1 1 0 1 1
 0 1 0 1 1 1 1 1 1 1 1 1 0 0 1 0 0 0 0 0 1 1 0 0 0 1 1 1 0 0 1 0 1 0 1 1 1
 1 0 0 0 0 0 0 1 0 1 0 0 0 1 0 0 1 1 1 1 0 0 0 0 0 1 1 1 1 0 0]
