                                       fitness                                            size                                        fitness_elite                                      size_elite              
                 ----------------------------------------------------    --------------------------------------    ----------------------------------------------------    --------------------------------------
gen    nevals    min           max           avg           std           min    max    avg           std           min           max           avg           std           min    max    avg           std       
0      40        0.14762       0.37775       0.26675       0.0626        1      7      3.8           1.7493        0.32747       0.37775       0.35001       0.017748      1      5      2.6           1.3565    
1      35        0.14762       0.37775       0.29753       0.063044      1      7      3.875         1.646         0.35229       0.37775       0.36214       0.0085285     2      5      3.6           1.3565    
2      29        0.14762       0.40299       0.32852       0.054463      1      7      3.825         1.5474        0.35942       0.40299       0.37704       0.0155        2      4      3.4           0.8       
3      35        0.22025       0.40299       0.35082       0.038546      1      7      3.875         1.4695        0.37864       0.40299       0.38563       0.0088442     3      6      4.2           0.9798    
4      34        0.28554       0.41419       0.35926       0.027452      1      7      3.775         1.4575        0.37864       0.41419       0.39224       0.013961      4      6      4.8           0.74833   
5      28        0.22686       0.41419       0.36131       0.032622      1      7      3.775         1.573         0.37864       0.41419       0.3926        0.013648      3      5      3.8           0.74833   
6      26        0.21211       0.41419       0.36074       0.039142      1      7      4.075         1.6491        0.37864       0.41419       0.39372       0.013081      3      5      4.2           0.74833   
7      31        0.14714       0.41419       0.35521       0.049882      1      8      4.05          1.7457        0.37864       0.41419       0.39197       0.014116      3      6      4.4           1.0198    
8      35        0.31431       0.41879       0.375         0.024051      1      7      3.975         1.3691        0.37864       0.41419       0.39645       0.013271      3      5      4             0.63246   
9      28        0.22959       0.41419       0.37319       0.039036      1      7      4.1           1.4457        0.37864       0.41419       0.39955       0.0125        2      5      4             1.0954    
10     29        0.28243       0.41879       0.3822        0.034697      1      7      4.1           1.3191        0.39947       0.41879       0.41002       0.0074365     4      5      4.2           0.4       
11     33        0.28243       0.42489       0.38848       0.031718      2      8      4.3           1.2689        0.39947       0.42489       0.41124       0.0090911     4      5      4.4           0.4899    
12     30        0.28243       0.44486       0.39328       0.035477      2      8      4.3           1.3638        0.40299       0.43973       0.41929       0.012348      4      5      4.4           0.4899    
13     36        0.18627       0.44486       0.39419       0.049056      2      8      4.6           1.3928        0.40299       0.43973       0.42125       0.013777      4      5      4.4           0.4899    
14     32        0.18627       0.44486       0.39031       0.058178      3      8      5.1           1.546         0.40299       0.44486       0.42729       0.015999      4      5      4.2           0.4       
15     34        0.17814       0.44514       0.39231       0.059026      3      8      4.85          1.4239        0.40299       0.44514       0.42734       0.01606       4      5      4.2           0.4       
16     27        0.25326       0.44514       0.41405       0.033131      4      8      4.675         1.1914        0.40299       0.44514       0.42811       0.016713      4      5      4.4           0.4899    
17     29        0.36639       0.461         0.41925       0.024572      4      8      4.65          1.0137        0.40299       0.461         0.4316        0.020875      4      5      4.2           0.4       
18     27        0.37166       0.461         0.42478       0.020269      4      8      4.525         1.1399        0.41419       0.461         0.44152       0.016181      4      5      4.2           0.4       
19     28        0.20826       0.46276       0.41947       0.042545      2      8      4.3           1.0536        0.41419       0.46276       0.44355       0.017981      4      5      4.2           0.4       
20     35        0.27614       0.46276       0.42586       0.036509      2      8      4.225         1.0365        0.41419       0.46276       0.44355       0.017981      4      5      4.2           0.4       
--- 1501.8276195526123 sec ---
